%YAML:1.0
---
image_width: 672
image_height: 376
camera_matrix: !!opencv-matrix
   rows: 3
   cols: 3
   dt: f
   data: [348.41, 0, 332.474, 0, 348.41,
       184.047, 0, 0, 1 ]
distortion_coefficients: !!opencv-matrix
   rows: 1
   cols: 5
   dt: f
   data: [ -0.167384, 0.0264615, 0, 0, 0 ]
