%YAML:1.0
---
aruco_bc_dict: ARUCO_MIP_36h12
aruco_bc_nmarkers: 14
aruco_bc_mInfoType: 1
aruco_bc_markers:
   - { id:0, corners:[ [ -6.4749762415885925e-02, 6.4750000834465027e-02,
       0. ], [ 6.4750239253044128e-02, 6.4750000834465027e-02, 0. ], [
       6.4750239253044128e-02, -6.4750000834465027e-02, 0. ], [
       -6.4749762415885925e-02, -6.4750000834465027e-02, 0. ] ] }
   - { id:1, corners:[ [ -1.6347935199737549e+00, 7.7815175056457520e-02,
       1.0123296976089478e+00 ], [ -1.5053031444549561e+00,
       7.6652757823467255e-02, 1.0112588405609131e+00 ], [
       -1.5064265727996826e+00, -5.2760221064090729e-02,
       1.0158705711364746e+00 ], [ -1.6359169483184814e+00,
       -5.1597807556390762e-02, 1.0169415473937988e+00 ] ] }
   - { id:2, corners:[ [ -6.5025910735130310e-02, 7.5051113963127136e-02,
       2.0378801822662354e+00 ], [ 6.4465142786502838e-02,
       7.4509412050247192e-02, 2.0393023490905762e+00 ], [
       6.3893117010593414e-02, -5.4959740489721298e-02,
       2.0420706272125244e+00 ], [ -6.5597936511039734e-02,
       -5.4418038576841354e-02, 2.0406486988067627e+00 ] ] }
   - { id:3, corners:[ [ -1.6348191499710083e+00, 7.0865057408809662e-02,
       3.0427536964416504e+00 ], [ -1.5053483247756958e+00,
       6.8254373967647552e-02, 3.0418846607208252e+00 ], [
       -1.5079203844070435e+00, -6.1106733977794647e-02,
       3.0473010540008545e+00 ], [ -1.6373912096023560e+00,
       -5.8496050536632538e-02, 3.0481700897216797e+00 ] ] }
   - { id:4, corners:[ [ -6.5105177462100983e-02, 6.4350366592407227e-02,
       4.0581088066101074e+00 ], [ 6.4366072416305542e-02,
       6.3439823687076569e-02, 4.0606813430786133e+00 ], [
       6.3425585627555847e-02, -6.6048085689544678e-02,
       4.0621809959411621e+00 ], [ -6.6045664250850677e-02,
       -6.5137520432472229e-02, 4.0596089363098145e+00 ] ] }
   - { id:5, corners:[ [ -1.6349159479141235e+00, 6.2093876302242279e-02,
       5.0664734840393066e+00 ], [ -1.5054595470428467e+00,
       5.9805568307638168e-02, 5.0689396858215332e+00 ], [
       -1.5078349113464355e+00, -6.9590099155902863e-02,
       5.0735621452331543e+00 ], [ -1.6372911930084229e+00,
       -6.7301772534847260e-02, 5.0710964202880859e+00 ] ] }
   - { id:6, corners:[ [ -6.5427064895629883e-02, 5.4971177130937576e-02,
       6.0968174934387207e+00 ], [ 6.4023613929748535e-02,
       5.4239157587289810e-02, 6.1003160476684570e+00 ], [
       6.3208185136318207e-02, -7.5221545994281769e-02,
       6.1033997535705566e+00 ], [ -6.6242493689060211e-02,
       -7.4489526450634003e-02, 6.0999011993408203e+00 ] ] }
   - { id:7, corners:[ [ -1.6350575685501099e+00, 4.1092563420534134e-02,
       7.0869717597961426e+00 ], [ -1.5055834054946899e+00,
       3.8506384938955307e-02, 7.0871701240539551e+00 ], [
       -1.5081760883331299e+00, -9.0830959379673004e-02,
       7.0931181907653809e+00 ], [ -1.6376501321792603e+00,
       -8.8244795799255371e-02, 7.0929198265075684e+00 ] ] }
   - { id:8, corners:[ [ -6.6163688898086548e-02, 7.0823930203914642e-02,
       8.1273441314697266e+00 ], [ 6.3319265842437744e-02,
       7.0299454033374786e-02, 8.1293792724609375e+00 ], [
       6.2738157808780670e-02, -5.9148870408535004e-02,
       8.1329917907714844e+00 ], [ -6.6744796931743622e-02,
       -5.8624379336833954e-02, 8.1309566497802734e+00 ] ] }
   - { id:9, corners:[ [ -1.6251140832901001e+00, 2.5454476475715637e-02,
       9.1172466278076172e+00 ], [ -1.4956407546997070e+00,
       2.3011405020952225e-02, 9.1182165145874023e+00 ], [
       -1.4981170892715454e+00, -1.0638137906789780e-01,
       9.1228656768798828e+00 ], [ -1.6275905370712280e+00,
       -1.0393834114074707e-01, 9.1218957901000977e+00 ] ] }
   - { id:10, corners:[ [ -6.5847694873809814e-02,
       6.8499997258186340e-02, 1.0197913169860840e+01 ], [
       6.3631124794483185e-02, 6.7647568881511688e-02,
       1.0200093269348145e+01 ], [ 6.2752634286880493e-02,
       -6.1840239912271500e-02, 1.0201637268066406e+01 ], [
       -6.6726185381412506e-02, -6.0987815260887146e-02,
       1.0199457168579102e+01 ] ] }
   - { id:11, corners:[ [ -1.6350436210632324e+00,
       2.4435667321085930e-02, 1.1158608436584473e+01 ], [
       -1.5055880546569824e+00, 2.1232297644019127e-02,
       1.1159718513488770e+01 ], [ -1.5088065862655640e+00,
       -1.0821519792079926e-01, 1.1161518096923828e+01 ], [
       -1.6382622718811035e+00, -1.0501182824373245e-01,
       1.1160408020019531e+01 ] ] }
   - { id:12, corners:[ [ -6.5535023808479309e-02,
       5.4080173373222351e-02, 1.2189845085144043e+01 ], [
       6.3947454094886780e-02, 5.2615825086832047e-02,
       1.2191392898559570e+01 ], [ 6.2496159225702286e-02,
       -7.6871380209922791e-02, 1.2190296173095703e+01 ], [
       -6.6986322402954102e-02, -7.5407035648822784e-02,
       1.2188748359680176e+01 ] ] }
   - { id:13, corners:[ [ -1.6253250837326050e+00,
       1.2814844027161598e-02, 1.3187795639038086e+01 ], [
       -1.4958453178405762e+00, 1.0533071123063564e-02,
       1.3187666893005371e+01 ], [ -1.4981210231781006e+00,
       -1.1886295676231384e-01, 1.3192329406738281e+01 ], [
       -1.6276009082794189e+00, -1.1658117175102234e-01,
       1.3192458152770996e+01 ] ] }
