%YAML:1.0
---
image_width: 2208
image_height: 1242
camera_matrix: !!opencv-matrix
   rows: 3
   cols: 3
   dt: f
   data: [ 1.40945691e+03, 0., 1.13477576e+03, 0., 1.40945691e+03,
       6.24644104e+02, 0., 0., 1. ]
distortion_coefficients: !!opencv-matrix
   rows: 1
   cols: 5
   dt: f
   data: [ 0., 0., 0., 0., 0. ]
